658 287 366 289
642 360 347 361
681 359 386 361
342 56  50  39
609.224 23.2562 326.788 34.3619
619.073 27.4529 335.077 39.3381
614.411 27.3989 331.904 39.4105
623.52 62.6247 339.183 73.6519
610.877 64.4066 327.3 74.3945
316.36 66.7619 22.6404 46.5088
332.581 67.2999 42.9352 51.2661
658 287 366 289
642 360 347 361
681 359 386 361
342 56  50  39
609.224 23.2562 326.788 34.3619
619.073 27.4529 335.077 39.3381
614.411 27.3989 331.904 39.4105
623.52 62.6247 339.183 73.6519
610.877 64.4066 327.3 74.3945
316.36 66.7619 22.6404 46.5088
332.581 67.2999 42.9352 51.2661
658 287 366 289
642 360 347 361
681 359 386 361
342 56  50  39
609.224 23.2562 326.788 34.3619
619.073 27.4529 335.077 39.3381
614.411 27.3989 331.904 39.4105
623.52 62.6247 339.183 73.6519
610.877 64.4066 327.3 74.3945
316.36 66.7619 22.6404 46.5088
332.581 67.2999 42.9352 51.2661
658 287 366 289
642 360 347 361
681 359 386 361
342 56  50  39
609.224 23.2562 326.788 34.3619
619.073 27.4529 335.077 39.3381
614.411 27.3989 331.904 39.4105
623.52 62.6247 339.183 73.6519
610.877 64.4066 327.3 74.3945
316.36 66.7619 22.6404 46.5088
332.581 67.2999 42.9352 51.2661
658 287 366 289
642 360 347 361
681 359 386 361
342 56  50  39
609.224 23.2562 326.788 34.3619
619.073 27.4529 335.077 39.3381
614.411 27.3989 331.904 39.4105
623.52 62.6247 339.183 73.6519
610.877 64.4066 327.3 74.3945
316.36 66.7619 22.6404 46.5088
332.581 67.2999 42.9352 51.2661
658 287 366 289
642 360 347 361
681 359 386 361
342 56  50  39
609.224 23.2562 326.788 34.3619
619.073 27.4529 335.077 39.3381
614.411 27.3989 331.904 39.4105
623.52 62.6247 339.183 73.6519
610.877 64.4066 327.3 74.3945
316.36 66.7619 22.6404 46.5088
332.581 67.2999 42.9352 51.2661